80 100
2000
1 1 1 3 r
1 3 1 3 r
1 5 1 3 r
1 7 1 3 r
1 9 1 3 r
1 11 1 3 r
1 13 1 3 r
1 15 1 3 r
1 17 1 3 r
1 19 1 3 r
1 21 1 3 r
1 23 1 3 r
1 25 1 3 r
1 27 1 3 r
1 29 1 3 r
1 31 1 3 r
1 33 1 3 r
1 35 1 3 r
1 37 1 3 r
1 39 1 3 r
1 41 1 3 r
1 43 1 3 r
1 45 1 3 r
1 47 1 3 r
1 49 1 3 r
1 51 1 3 g
1 53 1 3 g
1 55 1 3 g
1 57 1 3 g
1 59 1 3 g
1 61 1 3 g
1 63 1 3 g
1 65 1 3 g
1 67 1 3 g
1 69 1 3 g
1 71 1 3 g
1 73 1 3 g
1 75 1 3 g
1 77 1 3 g
1 79 1 3 g
1 81 1 3 g
1 83 1 3 g
1 85 1 3 g
1 87 1 3 g
1 89 1 3 g
1 91 1 3 g
1 93 1 3 g
1 95 1 3 g
1 97 1 3 g
1 99 1 3 g
3 1 1 3 r
3 3 1 3 r
3 5 1 3 r
3 7 1 3 r
3 9 1 3 r
3 11 1 3 r
3 13 1 3 r
3 15 1 3 r
3 17 1 3 r
3 19 1 3 r
3 21 1 3 r
3 23 1 3 r
3 25 1 3 r
3 27 1 3 r
3 29 1 3 r
3 31 1 3 r
3 33 1 3 r
3 35 1 3 r
3 37 1 3 r
3 39 1 3 r
3 41 1 3 r
3 43 1 3 r
3 45 1 3 r
3 47 1 3 r
3 49 1 3 r
3 51 1 3 g
3 53 1 3 g
3 55 1 3 g
3 57 1 3 g
3 59 1 3 g
3 61 1 3 g
3 63 1 3 g
3 65 1 3 g
3 67 1 3 g
3 69 1 3 g
3 71 1 3 g
3 73 1 3 g
3 75 1 3 g
3 77 1 3 g
3 79 1 3 g
3 81 1 3 g
3 83 1 3 g
3 85 1 3 g
3 87 1 3 g
3 89 1 3 g
3 91 1 3 g
3 93 1 3 g
3 95 1 3 g
3 97 1 3 g
3 99 1 3 g
5 1 1 3 r
5 3 1 3 r
5 5 1 3 r
5 7 1 3 r
5 9 1 3 r
5 11 1 3 r
5 13 1 3 r
5 15 1 3 r
5 17 1 3 r
5 19 1 3 r
5 21 1 3 r
5 23 1 3 r
5 25 1 3 r
5 27 1 3 r
5 29 1 3 r
5 31 1 3 r
5 33 1 3 r
5 35 1 3 r
5 37 1 3 r
5 39 1 3 r
5 41 1 3 r
5 43 1 3 r
5 45 1 3 r
5 47 1 3 r
5 49 1 3 r
5 51 1 3 g
5 53 1 3 g
5 55 1 3 g
5 57 1 3 g
5 59 1 3 g
5 61 1 3 g
5 63 1 3 g
5 65 1 3 g
5 67 1 3 g
5 69 1 3 g
5 71 1 3 g
5 73 1 3 g
5 75 1 3 g
5 77 1 3 g
5 79 1 3 g
5 81 1 3 g
5 83 1 3 g
5 85 1 3 g
5 87 1 3 g
5 89 1 3 g
5 91 1 3 g
5 93 1 3 g
5 95 1 3 g
5 97 1 3 g
5 99 1 3 g
7 1 1 3 r
7 3 1 3 r
7 5 1 3 r
7 7 1 3 r
7 9 1 3 r
7 11 1 3 r
7 13 1 3 r
7 15 1 3 r
7 17 1 3 r
7 19 1 3 r
7 21 1 3 r
7 23 1 3 r
7 25 1 3 r
7 27 1 3 r
7 29 1 3 r
7 31 1 3 r
7 33 1 3 r
7 35 1 3 r
7 37 1 3 r
7 39 1 3 r
7 41 1 3 r
7 43 1 3 r
7 45 1 3 r
7 47 1 3 r
7 49 1 3 r
7 51 1 3 g
7 53 1 3 g
7 55 1 3 g
7 57 1 3 g
7 59 1 3 g
7 61 1 3 g
7 63 1 3 g
7 65 1 3 g
7 67 1 3 g
7 69 1 3 g
7 71 1 3 g
7 73 1 3 g
7 75 1 3 g
7 77 1 3 g
7 79 1 3 g
7 81 1 3 g
7 83 1 3 g
7 85 1 3 g
7 87 1 3 g
7 89 1 3 g
7 91 1 3 g
7 93 1 3 g
7 95 1 3 g
7 97 1 3 g
7 99 1 3 g
9 1 1 3 r
9 3 1 3 r
9 5 1 3 r
9 7 1 3 r
9 9 1 3 r
9 11 1 3 r
9 13 1 3 r
9 15 1 3 r
9 17 1 3 r
9 19 1 3 r
9 21 1 3 r
9 23 1 3 r
9 25 1 3 r
9 27 1 3 r
9 29 1 3 r
9 31 1 3 r
9 33 1 3 r
9 35 1 3 r
9 37 1 3 r
9 39 1 3 r
9 41 1 3 r
9 43 1 3 r
9 45 1 3 r
9 47 1 3 r
9 49 1 3 r
9 51 1 3 g
9 53 1 3 g
9 55 1 3 g
9 57 1 3 g
9 59 1 3 g
9 61 1 3 g
9 63 1 3 g
9 65 1 3 g
9 67 1 3 g
9 69 1 3 g
9 71 1 3 g
9 73 1 3 g
9 75 1 3 g
9 77 1 3 g
9 79 1 3 g
9 81 1 3 g
9 83 1 3 g
9 85 1 3 g
9 87 1 3 g
9 89 1 3 g
9 91 1 3 g
9 93 1 3 g
9 95 1 3 g
9 97 1 3 g
9 99 1 3 g
11 1 1 3 r
11 3 1 3 r
11 5 1 3 r
11 7 1 3 r
11 9 1 3 r
11 11 1 3 r
11 13 1 3 r
11 15 1 3 r
11 17 1 3 r
11 19 1 3 r
11 21 1 3 r
11 23 1 3 r
11 25 1 3 r
11 27 1 3 r
11 29 1 3 r
11 31 1 3 r
11 33 1 3 r
11 35 1 3 r
11 37 1 3 r
11 39 1 3 r
11 41 1 3 r
11 43 1 3 r
11 45 1 3 r
11 47 1 3 r
11 49 1 3 r
11 51 1 3 g
11 53 1 3 g
11 55 1 3 g
11 57 1 3 g
11 59 1 3 g
11 61 1 3 g
11 63 1 3 g
11 65 1 3 g
11 67 1 3 g
11 69 1 3 g
11 71 1 3 g
11 73 1 3 g
11 75 1 3 g
11 77 1 3 g
11 79 1 3 g
11 81 1 3 g
11 83 1 3 g
11 85 1 3 g
11 87 1 3 g
11 89 1 3 g
11 91 1 3 g
11 93 1 3 g
11 95 1 3 g
11 97 1 3 g
11 99 1 3 g
13 1 1 3 r
13 3 1 3 r
13 5 1 3 r
13 7 1 3 r
13 9 1 3 r
13 11 1 3 r
13 13 1 3 r
13 15 1 3 r
13 17 1 3 r
13 19 1 3 r
13 21 1 3 r
13 23 1 3 r
13 25 1 3 r
13 27 1 3 r
13 29 1 3 r
13 31 1 3 r
13 33 1 3 r
13 35 1 3 r
13 37 1 3 r
13 39 1 3 r
13 41 1 3 r
13 43 1 3 r
13 45 1 3 r
13 47 1 3 r
13 49 1 3 r
13 51 1 3 g
13 53 1 3 g
13 55 1 3 g
13 57 1 3 g
13 59 1 3 g
13 61 1 3 g
13 63 1 3 g
13 65 1 3 g
13 67 1 3 g
13 69 1 3 g
13 71 1 3 g
13 73 1 3 g
13 75 1 3 g
13 77 1 3 g
13 79 1 3 g
13 81 1 3 g
13 83 1 3 g
13 85 1 3 g
13 87 1 3 g
13 89 1 3 g
13 91 1 3 g
13 93 1 3 g
13 95 1 3 g
13 97 1 3 g
13 99 1 3 g
15 1 1 3 r
15 3 1 3 r
15 5 1 3 r
15 7 1 3 r
15 9 1 3 r
15 11 1 3 r
15 13 1 3 r
15 15 1 3 r
15 17 1 3 r
15 19 1 3 r
15 21 1 3 r
15 23 1 3 r
15 25 1 3 r
15 27 1 3 r
15 29 1 3 r
15 31 1 3 r
15 33 1 3 r
15 35 1 3 r
15 37 1 3 r
15 39 1 3 r
15 41 1 3 r
15 43 1 3 r
15 45 1 3 r
15 47 1 3 r
15 49 1 3 r
15 51 1 3 g
15 53 1 3 g
15 55 1 3 g
15 57 1 3 g
15 59 1 3 g
15 61 1 3 g
15 63 1 3 g
15 65 1 3 g
15 67 1 3 g
15 69 1 3 g
15 71 1 3 g
15 73 1 3 g
15 75 1 3 g
15 77 1 3 g
15 79 1 3 g
15 81 1 3 g
15 83 1 3 g
15 85 1 3 g
15 87 1 3 g
15 89 1 3 g
15 91 1 3 g
15 93 1 3 g
15 95 1 3 g
15 97 1 3 g
15 99 1 3 g
17 1 1 3 r
17 3 1 3 r
17 5 1 3 r
17 7 1 3 r
17 9 1 3 r
17 11 1 3 r
17 13 1 3 r
17 15 1 3 r
17 17 1 3 r
17 19 1 3 r
17 21 1 3 r
17 23 1 3 r
17 25 1 3 r
17 27 1 3 r
17 29 1 3 r
17 31 1 3 r
17 33 1 3 r
17 35 1 3 r
17 37 1 3 r
17 39 1 3 r
17 41 1 3 r
17 43 1 3 r
17 45 1 3 r
17 47 1 3 r
17 49 1 3 r
17 51 1 3 g
17 53 1 3 g
17 55 1 3 g
17 57 1 3 g
17 59 1 3 g
17 61 1 3 g
17 63 1 3 g
17 65 1 3 g
17 67 1 3 g
17 69 1 3 g
17 71 1 3 g
17 73 1 3 g
17 75 1 3 g
17 77 1 3 g
17 79 1 3 g
17 81 1 3 g
17 83 1 3 g
17 85 1 3 g
17 87 1 3 g
17 89 1 3 g
17 91 1 3 g
17 93 1 3 g
17 95 1 3 g
17 97 1 3 g
17 99 1 3 g
19 1 1 3 r
19 3 1 3 r
19 5 1 3 r
19 7 1 3 r
19 9 1 3 r
19 11 1 3 r
19 13 1 3 r
19 15 1 3 r
19 17 1 3 r
19 19 1 3 r
19 21 1 3 r
19 23 1 3 r
19 25 1 3 r
19 27 1 3 r
19 29 1 3 r
19 31 1 3 r
19 33 1 3 r
19 35 1 3 r
19 37 1 3 r
19 39 1 3 r
19 41 1 3 r
19 43 1 3 r
19 45 1 3 r
19 47 1 3 r
19 49 1 3 r
19 51 1 3 g
19 53 1 3 g
19 55 1 3 g
19 57 1 3 g
19 59 1 3 g
19 61 1 3 g
19 63 1 3 g
19 65 1 3 g
19 67 1 3 g
19 69 1 3 g
19 71 1 3 g
19 73 1 3 g
19 75 1 3 g
19 77 1 3 g
19 79 1 3 g
19 81 1 3 g
19 83 1 3 g
19 85 1 3 g
19 87 1 3 g
19 89 1 3 g
19 91 1 3 g
19 93 1 3 g
19 95 1 3 g
19 97 1 3 g
19 99 1 3 g
21 1 1 3 r
21 3 1 3 r
21 5 1 3 r
21 7 1 3 r
21 9 1 3 r
21 11 1 3 r
21 13 1 3 r
21 15 1 3 r
21 17 1 3 r
21 19 1 3 r
21 21 1 3 r
21 23 1 3 r
21 25 1 3 r
21 27 1 3 r
21 29 1 3 r
21 31 1 3 r
21 33 1 3 r
21 35 1 3 r
21 37 1 3 r
21 39 1 3 r
21 41 1 3 r
21 43 1 3 r
21 45 1 3 r
21 47 1 3 r
21 49 1 3 r
21 51 1 3 g
21 53 1 3 g
21 55 1 3 g
21 57 1 3 g
21 59 1 3 g
21 61 1 3 g
21 63 1 3 g
21 65 1 3 g
21 67 1 3 g
21 69 1 3 g
21 71 1 3 g
21 73 1 3 g
21 75 1 3 g
21 77 1 3 g
21 79 1 3 g
21 81 1 3 g
21 83 1 3 g
21 85 1 3 g
21 87 1 3 g
21 89 1 3 g
21 91 1 3 g
21 93 1 3 g
21 95 1 3 g
21 97 1 3 g
21 99 1 3 g
23 1 1 3 r
23 3 1 3 r
23 5 1 3 r
23 7 1 3 r
23 9 1 3 r
23 11 1 3 r
23 13 1 3 r
23 15 1 3 r
23 17 1 3 r
23 19 1 3 r
23 21 1 3 r
23 23 1 3 r
23 25 1 3 r
23 27 1 3 r
23 29 1 3 r
23 31 1 3 r
23 33 1 3 r
23 35 1 3 r
23 37 1 3 r
23 39 1 3 r
23 41 1 3 r
23 43 1 3 r
23 45 1 3 r
23 47 1 3 r
23 49 1 3 r
23 51 1 3 g
23 53 1 3 g
23 55 1 3 g
23 57 1 3 g
23 59 1 3 g
23 61 1 3 g
23 63 1 3 g
23 65 1 3 g
23 67 1 3 g
23 69 1 3 g
23 71 1 3 g
23 73 1 3 g
23 75 1 3 g
23 77 1 3 g
23 79 1 3 g
23 81 1 3 g
23 83 1 3 g
23 85 1 3 g
23 87 1 3 g
23 89 1 3 g
23 91 1 3 g
23 93 1 3 g
23 95 1 3 g
23 97 1 3 g
23 99 1 3 g
25 1 1 3 r
25 3 1 3 r
25 5 1 3 r
25 7 1 3 r
25 9 1 3 r
25 11 1 3 r
25 13 1 3 r
25 15 1 3 r
25 17 1 3 r
25 19 1 3 r
25 21 1 3 r
25 23 1 3 r
25 25 1 3 r
25 27 1 3 r
25 29 1 3 r
25 31 1 3 r
25 33 1 3 r
25 35 1 3 r
25 37 1 3 r
25 39 1 3 r
25 41 1 3 r
25 43 1 3 r
25 45 1 3 r
25 47 1 3 r
25 49 1 3 r
25 51 1 3 g
25 53 1 3 g
25 55 1 3 g
25 57 1 3 g
25 59 1 3 g
25 61 1 3 g
25 63 1 3 g
25 65 1 3 g
25 67 1 3 g
25 69 1 3 g
25 71 1 3 g
25 73 1 3 g
25 75 1 3 g
25 77 1 3 g
25 79 1 3 g
25 81 1 3 g
25 83 1 3 g
25 85 1 3 g
25 87 1 3 g
25 89 1 3 g
25 91 1 3 g
25 93 1 3 g
25 95 1 3 g
25 97 1 3 g
25 99 1 3 g
27 1 1 3 r
27 3 1 3 r
27 5 1 3 r
27 7 1 3 r
27 9 1 3 r
27 11 1 3 r
27 13 1 3 r
27 15 1 3 r
27 17 1 3 r
27 19 1 3 r
27 21 1 3 r
27 23 1 3 r
27 25 1 3 r
27 27 1 3 r
27 29 1 3 r
27 31 1 3 r
27 33 1 3 r
27 35 1 3 r
27 37 1 3 r
27 39 1 3 r
27 41 1 3 r
27 43 1 3 r
27 45 1 3 r
27 47 1 3 r
27 49 1 3 r
27 51 1 3 g
27 53 1 3 g
27 55 1 3 g
27 57 1 3 g
27 59 1 3 g
27 61 1 3 g
27 63 1 3 g
27 65 1 3 g
27 67 1 3 g
27 69 1 3 g
27 71 1 3 g
27 73 1 3 g
27 75 1 3 g
27 77 1 3 g
27 79 1 3 g
27 81 1 3 g
27 83 1 3 g
27 85 1 3 g
27 87 1 3 g
27 89 1 3 g
27 91 1 3 g
27 93 1 3 g
27 95 1 3 g
27 97 1 3 g
27 99 1 3 g
29 1 1 3 r
29 3 1 3 r
29 5 1 3 r
29 7 1 3 r
29 9 1 3 r
29 11 1 3 r
29 13 1 3 r
29 15 1 3 r
29 17 1 3 r
29 19 1 3 r
29 21 1 3 r
29 23 1 3 r
29 25 1 3 r
29 27 1 3 r
29 29 1 3 r
29 31 1 3 r
29 33 1 3 r
29 35 1 3 r
29 37 1 3 r
29 39 1 3 r
29 41 1 3 r
29 43 1 3 r
29 45 1 3 r
29 47 1 3 r
29 49 1 3 r
29 51 1 3 g
29 53 1 3 g
29 55 1 3 g
29 57 1 3 g
29 59 1 3 g
29 61 1 3 g
29 63 1 3 g
29 65 1 3 g
29 67 1 3 g
29 69 1 3 g
29 71 1 3 g
29 73 1 3 g
29 75 1 3 g
29 77 1 3 g
29 79 1 3 g
29 81 1 3 g
29 83 1 3 g
29 85 1 3 g
29 87 1 3 g
29 89 1 3 g
29 91 1 3 g
29 93 1 3 g
29 95 1 3 g
29 97 1 3 g
29 99 1 3 g
31 1 1 3 r
31 3 1 3 r
31 5 1 3 r
31 7 1 3 r
31 9 1 3 r
31 11 1 3 r
31 13 1 3 r
31 15 1 3 r
31 17 1 3 r
31 19 1 3 r
31 21 1 3 r
31 23 1 3 r
31 25 1 3 r
31 27 1 3 r
31 29 1 3 r
31 31 1 3 r
31 33 1 3 r
31 35 1 3 r
31 37 1 3 r
31 39 1 3 r
31 41 1 3 r
31 43 1 3 r
31 45 1 3 r
31 47 1 3 r
31 49 1 3 r
31 51 1 3 g
31 53 1 3 g
31 55 1 3 g
31 57 1 3 g
31 59 1 3 g
31 61 1 3 g
31 63 1 3 g
31 65 1 3 g
31 67 1 3 g
31 69 1 3 g
31 71 1 3 g
31 73 1 3 g
31 75 1 3 g
31 77 1 3 g
31 79 1 3 g
31 81 1 3 g
31 83 1 3 g
31 85 1 3 g
31 87 1 3 g
31 89 1 3 g
31 91 1 3 g
31 93 1 3 g
31 95 1 3 g
31 97 1 3 g
31 99 1 3 g
33 1 1 3 r
33 3 1 3 r
33 5 1 3 r
33 7 1 3 r
33 9 1 3 r
33 11 1 3 r
33 13 1 3 r
33 15 1 3 r
33 17 1 3 r
33 19 1 3 r
33 21 1 3 r
33 23 1 3 r
33 25 1 3 r
33 27 1 3 r
33 29 1 3 r
33 31 1 3 r
33 33 1 3 r
33 35 1 3 r
33 37 1 3 r
33 39 1 3 r
33 41 1 3 r
33 43 1 3 r
33 45 1 3 r
33 47 1 3 r
33 49 1 3 r
33 51 1 3 g
33 53 1 3 g
33 55 1 3 g
33 57 1 3 g
33 59 1 3 g
33 61 1 3 g
33 63 1 3 g
33 65 1 3 g
33 67 1 3 g
33 69 1 3 g
33 71 1 3 g
33 73 1 3 g
33 75 1 3 g
33 77 1 3 g
33 79 1 3 g
33 81 1 3 g
33 83 1 3 g
33 85 1 3 g
33 87 1 3 g
33 89 1 3 g
33 91 1 3 g
33 93 1 3 g
33 95 1 3 g
33 97 1 3 g
33 99 1 3 g
35 1 1 3 r
35 3 1 3 r
35 5 1 3 r
35 7 1 3 r
35 9 1 3 r
35 11 1 3 r
35 13 1 3 r
35 15 1 3 r
35 17 1 3 r
35 19 1 3 r
35 21 1 3 r
35 23 1 3 r
35 25 1 3 r
35 27 1 3 r
35 29 1 3 r
35 31 1 3 r
35 33 1 3 r
35 35 1 3 r
35 37 1 3 r
35 39 1 3 r
35 41 1 3 r
35 43 1 3 r
35 45 1 3 r
35 47 1 3 r
35 49 1 3 r
35 51 1 3 g
35 53 1 3 g
35 55 1 3 g
35 57 1 3 g
35 59 1 3 g
35 61 1 3 g
35 63 1 3 g
35 65 1 3 g
35 67 1 3 g
35 69 1 3 g
35 71 1 3 g
35 73 1 3 g
35 75 1 3 g
35 77 1 3 g
35 79 1 3 g
35 81 1 3 g
35 83 1 3 g
35 85 1 3 g
35 87 1 3 g
35 89 1 3 g
35 91 1 3 g
35 93 1 3 g
35 95 1 3 g
35 97 1 3 g
35 99 1 3 g
37 1 1 3 r
37 3 1 3 r
37 5 1 3 r
37 7 1 3 r
37 9 1 3 r
37 11 1 3 r
37 13 1 3 r
37 15 1 3 r
37 17 1 3 r
37 19 1 3 r
37 21 1 3 r
37 23 1 3 r
37 25 1 3 r
37 27 1 3 r
37 29 1 3 r
37 31 1 3 r
37 33 1 3 r
37 35 1 3 r
37 37 1 3 r
37 39 1 3 r
37 41 1 3 r
37 43 1 3 r
37 45 1 3 r
37 47 1 3 r
37 49 1 3 r
37 51 1 3 g
37 53 1 3 g
37 55 1 3 g
37 57 1 3 g
37 59 1 3 g
37 61 1 3 g
37 63 1 3 g
37 65 1 3 g
37 67 1 3 g
37 69 1 3 g
37 71 1 3 g
37 73 1 3 g
37 75 1 3 g
37 77 1 3 g
37 79 1 3 g
37 81 1 3 g
37 83 1 3 g
37 85 1 3 g
37 87 1 3 g
37 89 1 3 g
37 91 1 3 g
37 93 1 3 g
37 95 1 3 g
37 97 1 3 g
37 99 1 3 g
39 1 1 3 r
39 3 1 3 r
39 5 1 3 r
39 7 1 3 r
39 9 1 3 r
39 11 1 3 r
39 13 1 3 r
39 15 1 3 r
39 17 1 3 r
39 19 1 3 r
39 21 1 3 r
39 23 1 3 r
39 25 1 3 r
39 27 1 3 r
39 29 1 3 r
39 31 1 3 r
39 33 1 3 r
39 35 1 3 r
39 37 1 3 r
39 39 1 3 r
39 41 1 3 r
39 43 1 3 r
39 45 1 3 r
39 47 1 3 r
39 49 1 3 r
39 51 1 3 g
39 53 1 3 g
39 55 1 3 g
39 57 1 3 g
39 59 1 3 g
39 61 1 3 g
39 63 1 3 g
39 65 1 3 g
39 67 1 3 g
39 69 1 3 g
39 71 1 3 g
39 73 1 3 g
39 75 1 3 g
39 77 1 3 g
39 79 1 3 g
39 81 1 3 g
39 83 1 3 g
39 85 1 3 g
39 87 1 3 g
39 89 1 3 g
39 91 1 3 g
39 93 1 3 g
39 95 1 3 g
39 97 1 3 g
39 99 1 3 g
41 1 1 3 r
41 3 1 3 r
41 5 1 3 r
41 7 1 3 r
41 9 1 3 r
41 11 1 3 r
41 13 1 3 r
41 15 1 3 r
41 17 1 3 r
41 19 1 3 r
41 21 1 3 r
41 23 1 3 r
41 25 1 3 r
41 27 1 3 r
41 29 1 3 r
41 31 1 3 r
41 33 1 3 r
41 35 1 3 r
41 37 1 3 r
41 39 1 3 r
41 41 1 3 r
41 43 1 3 r
41 45 1 3 r
41 47 1 3 r
41 49 1 3 r
41 51 1 3 g
41 53 1 3 g
41 55 1 3 g
41 57 1 3 g
41 59 1 3 g
41 61 1 3 g
41 63 1 3 g
41 65 1 3 g
41 67 1 3 g
41 69 1 3 g
41 71 1 3 g
41 73 1 3 g
41 75 1 3 g
41 77 1 3 g
41 79 1 3 g
41 81 1 3 g
41 83 1 3 g
41 85 1 3 g
41 87 1 3 g
41 89 1 3 g
41 91 1 3 g
41 93 1 3 g
41 95 1 3 g
41 97 1 3 g
41 99 1 3 g
43 1 1 3 r
43 3 1 3 r
43 5 1 3 r
43 7 1 3 r
43 9 1 3 r
43 11 1 3 r
43 13 1 3 r
43 15 1 3 r
43 17 1 3 r
43 19 1 3 r
43 21 1 3 r
43 23 1 3 r
43 25 1 3 r
43 27 1 3 r
43 29 1 3 r
43 31 1 3 r
43 33 1 3 r
43 35 1 3 r
43 37 1 3 r
43 39 1 3 r
43 41 1 3 r
43 43 1 3 r
43 45 1 3 r
43 47 1 3 r
43 49 1 3 r
43 51 1 3 g
43 53 1 3 g
43 55 1 3 g
43 57 1 3 g
43 59 1 3 g
43 61 1 3 g
43 63 1 3 g
43 65 1 3 g
43 67 1 3 g
43 69 1 3 g
43 71 1 3 g
43 73 1 3 g
43 75 1 3 g
43 77 1 3 g
43 79 1 3 g
43 81 1 3 g
43 83 1 3 g
43 85 1 3 g
43 87 1 3 g
43 89 1 3 g
43 91 1 3 g
43 93 1 3 g
43 95 1 3 g
43 97 1 3 g
43 99 1 3 g
45 1 1 3 r
45 3 1 3 r
45 5 1 3 r
45 7 1 3 r
45 9 1 3 r
45 11 1 3 r
45 13 1 3 r
45 15 1 3 r
45 17 1 3 r
45 19 1 3 r
45 21 1 3 r
45 23 1 3 r
45 25 1 3 r
45 27 1 3 r
45 29 1 3 r
45 31 1 3 r
45 33 1 3 r
45 35 1 3 r
45 37 1 3 r
45 39 1 3 r
45 41 1 3 r
45 43 1 3 r
45 45 1 3 r
45 47 1 3 r
45 49 1 3 r
45 51 1 3 g
45 53 1 3 g
45 55 1 3 g
45 57 1 3 g
45 59 1 3 g
45 61 1 3 g
45 63 1 3 g
45 65 1 3 g
45 67 1 3 g
45 69 1 3 g
45 71 1 3 g
45 73 1 3 g
45 75 1 3 g
45 77 1 3 g
45 79 1 3 g
45 81 1 3 g
45 83 1 3 g
45 85 1 3 g
45 87 1 3 g
45 89 1 3 g
45 91 1 3 g
45 93 1 3 g
45 95 1 3 g
45 97 1 3 g
45 99 1 3 g
47 1 1 3 r
47 3 1 3 r
47 5 1 3 r
47 7 1 3 r
47 9 1 3 r
47 11 1 3 r
47 13 1 3 r
47 15 1 3 r
47 17 1 3 r
47 19 1 3 r
47 21 1 3 r
47 23 1 3 r
47 25 1 3 r
47 27 1 3 r
47 29 1 3 r
47 31 1 3 r
47 33 1 3 r
47 35 1 3 r
47 37 1 3 r
47 39 1 3 r
47 41 1 3 r
47 43 1 3 r
47 45 1 3 r
47 47 1 3 r
47 49 1 3 r
47 51 1 3 g
47 53 1 3 g
47 55 1 3 g
47 57 1 3 g
47 59 1 3 g
47 61 1 3 g
47 63 1 3 g
47 65 1 3 g
47 67 1 3 g
47 69 1 3 g
47 71 1 3 g
47 73 1 3 g
47 75 1 3 g
47 77 1 3 g
47 79 1 3 g
47 81 1 3 g
47 83 1 3 g
47 85 1 3 g
47 87 1 3 g
47 89 1 3 g
47 91 1 3 g
47 93 1 3 g
47 95 1 3 g
47 97 1 3 g
47 99 1 3 g
49 1 1 3 r
49 3 1 3 r
49 5 1 3 r
49 7 1 3 r
49 9 1 3 r
49 11 1 3 r
49 13 1 3 r
49 15 1 3 r
49 17 1 3 r
49 19 1 3 r
49 21 1 3 r
49 23 1 3 r
49 25 1 3 r
49 27 1 3 r
49 29 1 3 r
49 31 1 3 r
49 33 1 3 r
49 35 1 3 r
49 37 1 3 r
49 39 1 3 r
49 41 1 3 r
49 43 1 3 r
49 45 1 3 r
49 47 1 3 r
49 49 1 3 r
49 51 1 3 g
49 53 1 3 g
49 55 1 3 g
49 57 1 3 g
49 59 1 3 g
49 61 1 3 g
49 63 1 3 g
49 65 1 3 g
49 67 1 3 g
49 69 1 3 g
49 71 1 3 g
49 73 1 3 g
49 75 1 3 g
49 77 1 3 g
49 79 1 3 g
49 81 1 3 g
49 83 1 3 g
49 85 1 3 g
49 87 1 3 g
49 89 1 3 g
49 91 1 3 g
49 93 1 3 g
49 95 1 3 g
49 97 1 3 g
49 99 1 3 g
51 1 1 3 r
51 3 1 3 r
51 5 1 3 r
51 7 1 3 r
51 9 1 3 r
51 11 1 3 r
51 13 1 3 r
51 15 1 3 r
51 17 1 3 r
51 19 1 3 r
51 21 1 3 r
51 23 1 3 r
51 25 1 3 r
51 27 1 3 r
51 29 1 3 r
51 31 1 3 r
51 33 1 3 r
51 35 1 3 r
51 37 1 3 r
51 39 1 3 r
51 41 1 3 r
51 43 1 3 r
51 45 1 3 r
51 47 1 3 r
51 49 1 3 r
51 51 1 3 g
51 53 1 3 g
51 55 1 3 g
51 57 1 3 g
51 59 1 3 g
51 61 1 3 g
51 63 1 3 g
51 65 1 3 g
51 67 1 3 g
51 69 1 3 g
51 71 1 3 g
51 73 1 3 g
51 75 1 3 g
51 77 1 3 g
51 79 1 3 g
51 81 1 3 g
51 83 1 3 g
51 85 1 3 g
51 87 1 3 g
51 89 1 3 g
51 91 1 3 g
51 93 1 3 g
51 95 1 3 g
51 97 1 3 g
51 99 1 3 g
53 1 1 3 r
53 3 1 3 r
53 5 1 3 r
53 7 1 3 r
53 9 1 3 r
53 11 1 3 r
53 13 1 3 r
53 15 1 3 r
53 17 1 3 r
53 19 1 3 r
53 21 1 3 r
53 23 1 3 r
53 25 1 3 r
53 27 1 3 r
53 29 1 3 r
53 31 1 3 r
53 33 1 3 r
53 35 1 3 r
53 37 1 3 r
53 39 1 3 r
53 41 1 3 r
53 43 1 3 r
53 45 1 3 r
53 47 1 3 r
53 49 1 3 r
53 51 1 3 g
53 53 1 3 g
53 55 1 3 g
53 57 1 3 g
53 59 1 3 g
53 61 1 3 g
53 63 1 3 g
53 65 1 3 g
53 67 1 3 g
53 69 1 3 g
53 71 1 3 g
53 73 1 3 g
53 75 1 3 g
53 77 1 3 g
53 79 1 3 g
53 81 1 3 g
53 83 1 3 g
53 85 1 3 g
53 87 1 3 g
53 89 1 3 g
53 91 1 3 g
53 93 1 3 g
53 95 1 3 g
53 97 1 3 g
53 99 1 3 g
55 1 1 3 r
55 3 1 3 r
55 5 1 3 r
55 7 1 3 r
55 9 1 3 r
55 11 1 3 r
55 13 1 3 r
55 15 1 3 r
55 17 1 3 r
55 19 1 3 r
55 21 1 3 r
55 23 1 3 r
55 25 1 3 r
55 27 1 3 r
55 29 1 3 r
55 31 1 3 r
55 33 1 3 r
55 35 1 3 r
55 37 1 3 r
55 39 1 3 r
55 41 1 3 r
55 43 1 3 r
55 45 1 3 r
55 47 1 3 r
55 49 1 3 r
55 51 1 3 g
55 53 1 3 g
55 55 1 3 g
55 57 1 3 g
55 59 1 3 g
55 61 1 3 g
55 63 1 3 g
55 65 1 3 g
55 67 1 3 g
55 69 1 3 g
55 71 1 3 g
55 73 1 3 g
55 75 1 3 g
55 77 1 3 g
55 79 1 3 g
55 81 1 3 g
55 83 1 3 g
55 85 1 3 g
55 87 1 3 g
55 89 1 3 g
55 91 1 3 g
55 93 1 3 g
55 95 1 3 g
55 97 1 3 g
55 99 1 3 g
57 1 1 3 r
57 3 1 3 r
57 5 1 3 r
57 7 1 3 r
57 9 1 3 r
57 11 1 3 r
57 13 1 3 r
57 15 1 3 r
57 17 1 3 r
57 19 1 3 r
57 21 1 3 r
57 23 1 3 r
57 25 1 3 r
57 27 1 3 r
57 29 1 3 r
57 31 1 3 r
57 33 1 3 r
57 35 1 3 r
57 37 1 3 r
57 39 1 3 r
57 41 1 3 r
57 43 1 3 r
57 45 1 3 r
57 47 1 3 r
57 49 1 3 r
57 51 1 3 g
57 53 1 3 g
57 55 1 3 g
57 57 1 3 g
57 59 1 3 g
57 61 1 3 g
57 63 1 3 g
57 65 1 3 g
57 67 1 3 g
57 69 1 3 g
57 71 1 3 g
57 73 1 3 g
57 75 1 3 g
57 77 1 3 g
57 79 1 3 g
57 81 1 3 g
57 83 1 3 g
57 85 1 3 g
57 87 1 3 g
57 89 1 3 g
57 91 1 3 g
57 93 1 3 g
57 95 1 3 g
57 97 1 3 g
57 99 1 3 g
59 1 1 3 r
59 3 1 3 r
59 5 1 3 r
59 7 1 3 r
59 9 1 3 r
59 11 1 3 r
59 13 1 3 r
59 15 1 3 r
59 17 1 3 r
59 19 1 3 r
59 21 1 3 r
59 23 1 3 r
59 25 1 3 r
59 27 1 3 r
59 29 1 3 r
59 31 1 3 r
59 33 1 3 r
59 35 1 3 r
59 37 1 3 r
59 39 1 3 r
59 41 1 3 r
59 43 1 3 r
59 45 1 3 r
59 47 1 3 r
59 49 1 3 r
59 51 1 3 g
59 53 1 3 g
59 55 1 3 g
59 57 1 3 g
59 59 1 3 g
59 61 1 3 g
59 63 1 3 g
59 65 1 3 g
59 67 1 3 g
59 69 1 3 g
59 71 1 3 g
59 73 1 3 g
59 75 1 3 g
59 77 1 3 g
59 79 1 3 g
59 81 1 3 g
59 83 1 3 g
59 85 1 3 g
59 87 1 3 g
59 89 1 3 g
59 91 1 3 g
59 93 1 3 g
59 95 1 3 g
59 97 1 3 g
59 99 1 3 g
61 1 1 3 r
61 3 1 3 r
61 5 1 3 r
61 7 1 3 r
61 9 1 3 r
61 11 1 3 r
61 13 1 3 r
61 15 1 3 r
61 17 1 3 r
61 19 1 3 r
61 21 1 3 r
61 23 1 3 r
61 25 1 3 r
61 27 1 3 r
61 29 1 3 r
61 31 1 3 r
61 33 1 3 r
61 35 1 3 r
61 37 1 3 r
61 39 1 3 r
61 41 1 3 r
61 43 1 3 r
61 45 1 3 r
61 47 1 3 r
61 49 1 3 r
61 51 1 3 g
61 53 1 3 g
61 55 1 3 g
61 57 1 3 g
61 59 1 3 g
61 61 1 3 g
61 63 1 3 g
61 65 1 3 g
61 67 1 3 g
61 69 1 3 g
61 71 1 3 g
61 73 1 3 g
61 75 1 3 g
61 77 1 3 g
61 79 1 3 g
61 81 1 3 g
61 83 1 3 g
61 85 1 3 g
61 87 1 3 g
61 89 1 3 g
61 91 1 3 g
61 93 1 3 g
61 95 1 3 g
61 97 1 3 g
61 99 1 3 g
63 1 1 3 r
63 3 1 3 r
63 5 1 3 r
63 7 1 3 r
63 9 1 3 r
63 11 1 3 r
63 13 1 3 r
63 15 1 3 r
63 17 1 3 r
63 19 1 3 r
63 21 1 3 r
63 23 1 3 r
63 25 1 3 r
63 27 1 3 r
63 29 1 3 r
63 31 1 3 r
63 33 1 3 r
63 35 1 3 r
63 37 1 3 r
63 39 1 3 r
63 41 1 3 r
63 43 1 3 r
63 45 1 3 r
63 47 1 3 r
63 49 1 3 r
63 51 1 3 g
63 53 1 3 g
63 55 1 3 g
63 57 1 3 g
63 59 1 3 g
63 61 1 3 g
63 63 1 3 g
63 65 1 3 g
63 67 1 3 g
63 69 1 3 g
63 71 1 3 g
63 73 1 3 g
63 75 1 3 g
63 77 1 3 g
63 79 1 3 g
63 81 1 3 g
63 83 1 3 g
63 85 1 3 g
63 87 1 3 g
63 89 1 3 g
63 91 1 3 g
63 93 1 3 g
63 95 1 3 g
63 97 1 3 g
63 99 1 3 g
65 1 1 3 r
65 3 1 3 r
65 5 1 3 r
65 7 1 3 r
65 9 1 3 r
65 11 1 3 r
65 13 1 3 r
65 15 1 3 r
65 17 1 3 r
65 19 1 3 r
65 21 1 3 r
65 23 1 3 r
65 25 1 3 r
65 27 1 3 r
65 29 1 3 r
65 31 1 3 r
65 33 1 3 r
65 35 1 3 r
65 37 1 3 r
65 39 1 3 r
65 41 1 3 r
65 43 1 3 r
65 45 1 3 r
65 47 1 3 r
65 49 1 3 r
65 51 1 3 g
65 53 1 3 g
65 55 1 3 g
65 57 1 3 g
65 59 1 3 g
65 61 1 3 g
65 63 1 3 g
65 65 1 3 g
65 67 1 3 g
65 69 1 3 g
65 71 1 3 g
65 73 1 3 g
65 75 1 3 g
65 77 1 3 g
65 79 1 3 g
65 81 1 3 g
65 83 1 3 g
65 85 1 3 g
65 87 1 3 g
65 89 1 3 g
65 91 1 3 g
65 93 1 3 g
65 95 1 3 g
65 97 1 3 g
65 99 1 3 g
67 1 1 3 r
67 3 1 3 r
67 5 1 3 r
67 7 1 3 r
67 9 1 3 r
67 11 1 3 r
67 13 1 3 r
67 15 1 3 r
67 17 1 3 r
67 19 1 3 r
67 21 1 3 r
67 23 1 3 r
67 25 1 3 r
67 27 1 3 r
67 29 1 3 r
67 31 1 3 r
67 33 1 3 r
67 35 1 3 r
67 37 1 3 r
67 39 1 3 r
67 41 1 3 r
67 43 1 3 r
67 45 1 3 r
67 47 1 3 r
67 49 1 3 r
67 51 1 3 g
67 53 1 3 g
67 55 1 3 g
67 57 1 3 g
67 59 1 3 g
67 61 1 3 g
67 63 1 3 g
67 65 1 3 g
67 67 1 3 g
67 69 1 3 g
67 71 1 3 g
67 73 1 3 g
67 75 1 3 g
67 77 1 3 g
67 79 1 3 g
67 81 1 3 g
67 83 1 3 g
67 85 1 3 g
67 87 1 3 g
67 89 1 3 g
67 91 1 3 g
67 93 1 3 g
67 95 1 3 g
67 97 1 3 g
67 99 1 3 g
69 1 1 3 r
69 3 1 3 r
69 5 1 3 r
69 7 1 3 r
69 9 1 3 r
69 11 1 3 r
69 13 1 3 r
69 15 1 3 r
69 17 1 3 r
69 19 1 3 r
69 21 1 3 r
69 23 1 3 r
69 25 1 3 r
69 27 1 3 r
69 29 1 3 r
69 31 1 3 r
69 33 1 3 r
69 35 1 3 r
69 37 1 3 r
69 39 1 3 r
69 41 1 3 r
69 43 1 3 r
69 45 1 3 r
69 47 1 3 r
69 49 1 3 r
69 51 1 3 g
69 53 1 3 g
69 55 1 3 g
69 57 1 3 g
69 59 1 3 g
69 61 1 3 g
69 63 1 3 g
69 65 1 3 g
69 67 1 3 g
69 69 1 3 g
69 71 1 3 g
69 73 1 3 g
69 75 1 3 g
69 77 1 3 g
69 79 1 3 g
69 81 1 3 g
69 83 1 3 g
69 85 1 3 g
69 87 1 3 g
69 89 1 3 g
69 91 1 3 g
69 93 1 3 g
69 95 1 3 g
69 97 1 3 g
69 99 1 3 g
71 1 1 3 r
71 3 1 3 r
71 5 1 3 r
71 7 1 3 r
71 9 1 3 r
71 11 1 3 r
71 13 1 3 r
71 15 1 3 r
71 17 1 3 r
71 19 1 3 r
71 21 1 3 r
71 23 1 3 r
71 25 1 3 r
71 27 1 3 r
71 29 1 3 r
71 31 1 3 r
71 33 1 3 r
71 35 1 3 r
71 37 1 3 r
71 39 1 3 r
71 41 1 3 r
71 43 1 3 r
71 45 1 3 r
71 47 1 3 r
71 49 1 3 r
71 51 1 3 g
71 53 1 3 g
71 55 1 3 g
71 57 1 3 g
71 59 1 3 g
71 61 1 3 g
71 63 1 3 g
71 65 1 3 g
71 67 1 3 g
71 69 1 3 g
71 71 1 3 g
71 73 1 3 g
71 75 1 3 g
71 77 1 3 g
71 79 1 3 g
71 81 1 3 g
71 83 1 3 g
71 85 1 3 g
71 87 1 3 g
71 89 1 3 g
71 91 1 3 g
71 93 1 3 g
71 95 1 3 g
71 97 1 3 g
71 99 1 3 g
73 1 1 3 r
73 3 1 3 r
73 5 1 3 r
73 7 1 3 r
73 9 1 3 r
73 11 1 3 r
73 13 1 3 r
73 15 1 3 r
73 17 1 3 r
73 19 1 3 r
73 21 1 3 r
73 23 1 3 r
73 25 1 3 r
73 27 1 3 r
73 29 1 3 r
73 31 1 3 r
73 33 1 3 r
73 35 1 3 r
73 37 1 3 r
73 39 1 3 r
73 41 1 3 r
73 43 1 3 r
73 45 1 3 r
73 47 1 3 r
73 49 1 3 r
73 51 1 3 g
73 53 1 3 g
73 55 1 3 g
73 57 1 3 g
73 59 1 3 g
73 61 1 3 g
73 63 1 3 g
73 65 1 3 g
73 67 1 3 g
73 69 1 3 g
73 71 1 3 g
73 73 1 3 g
73 75 1 3 g
73 77 1 3 g
73 79 1 3 g
73 81 1 3 g
73 83 1 3 g
73 85 1 3 g
73 87 1 3 g
73 89 1 3 g
73 91 1 3 g
73 93 1 3 g
73 95 1 3 g
73 97 1 3 g
73 99 1 3 g
75 1 1 3 r
75 3 1 3 r
75 5 1 3 r
75 7 1 3 r
75 9 1 3 r
75 11 1 3 r
75 13 1 3 r
75 15 1 3 r
75 17 1 3 r
75 19 1 3 r
75 21 1 3 r
75 23 1 3 r
75 25 1 3 r
75 27 1 3 r
75 29 1 3 r
75 31 1 3 r
75 33 1 3 r
75 35 1 3 r
75 37 1 3 r
75 39 1 3 r
75 41 1 3 r
75 43 1 3 r
75 45 1 3 r
75 47 1 3 r
75 49 1 3 r
75 51 1 3 g
75 53 1 3 g
75 55 1 3 g
75 57 1 3 g
75 59 1 3 g
75 61 1 3 g
75 63 1 3 g
75 65 1 3 g
75 67 1 3 g
75 69 1 3 g
75 71 1 3 g
75 73 1 3 g
75 75 1 3 g
75 77 1 3 g
75 79 1 3 g
75 81 1 3 g
75 83 1 3 g
75 85 1 3 g
75 87 1 3 g
75 89 1 3 g
75 91 1 3 g
75 93 1 3 g
75 95 1 3 g
75 97 1 3 g
75 99 1 3 g
77 1 1 3 r
77 3 1 3 r
77 5 1 3 r
77 7 1 3 r
77 9 1 3 r
77 11 1 3 r
77 13 1 3 r
77 15 1 3 r
77 17 1 3 r
77 19 1 3 r
77 21 1 3 r
77 23 1 3 r
77 25 1 3 r
77 27 1 3 r
77 29 1 3 r
77 31 1 3 r
77 33 1 3 r
77 35 1 3 r
77 37 1 3 r
77 39 1 3 r
77 41 1 3 r
77 43 1 3 r
77 45 1 3 r
77 47 1 3 r
77 49 1 3 r
77 51 1 3 g
77 53 1 3 g
77 55 1 3 g
77 57 1 3 g
77 59 1 3 g
77 61 1 3 g
77 63 1 3 g
77 65 1 3 g
77 67 1 3 g
77 69 1 3 g
77 71 1 3 g
77 73 1 3 g
77 75 1 3 g
77 77 1 3 g
77 79 1 3 g
77 81 1 3 g
77 83 1 3 g
77 85 1 3 g
77 87 1 3 g
77 89 1 3 g
77 91 1 3 g
77 93 1 3 g
77 95 1 3 g
77 97 1 3 g
77 99 1 3 g
79 1 1 3 r
79 3 1 3 r
79 5 1 3 r
79 7 1 3 r
79 9 1 3 r
79 11 1 3 r
79 13 1 3 r
79 15 1 3 r
79 17 1 3 r
79 19 1 3 r
79 21 1 3 r
79 23 1 3 r
79 25 1 3 r
79 27 1 3 r
79 29 1 3 r
79 31 1 3 r
79 33 1 3 r
79 35 1 3 r
79 37 1 3 r
79 39 1 3 r
79 41 1 3 r
79 43 1 3 r
79 45 1 3 r
79 47 1 3 r
79 49 1 3 r
79 51 1 3 g
79 53 1 3 g
79 55 1 3 g
79 57 1 3 g
79 59 1 3 g
79 61 1 3 g
79 63 1 3 g
79 65 1 3 g
79 67 1 3 g
79 69 1 3 g
79 71 1 3 g
79 73 1 3 g
79 75 1 3 g
79 77 1 3 g
79 79 1 3 g
79 81 1 3 g
79 83 1 3 g
79 85 1 3 g
79 87 1 3 g
79 89 1 3 g
79 91 1 3 g
79 93 1 3 g
79 95 1 3 g
79 97 1 3 g
79 99 1 3 g
500
0.0 1255
0.14800531457729305 646
0.20460244137368022 599
0.25129860672399307 1216
0.3098086413044432 58
0.6076957472623656 1852
0.678259362632988 1711
0.7223531797956984 1506
0.7643882056338869 856
0.832732349233789 1524
0.8515340102946689 788
1.0 757
1.0663609352125514 1998
1.083265673406969 1938
1.1956125391327288 1377
1.2270148043168505 1967
1.4107653658275987 654
1.436520314430012 1509
1.5036941555068073 600
1.592766502003562 718
2.0 962
2.1469437235345668 1379
2.1730350360641415 1370
2.4978359255051927 585
2.552898597209002 1084
2.5784809509928563 797
2.6181421648473426 163
2.7688066428688707 1125
2.8144895140818473 1614
2.9158501354619784 1970
3.0 511
3.025709139894739 1848
3.0813241659540855 1544
3.141593336219506 846
3.1792869329474893 1444
3.183479286678348 145
3.2509378787947796 1803
3.353288922003028 274
3.384477474093839 1882
3.711858126631218 1982
4.0 379
4.039594929540974 1761
4.054564830130724 1235
4.063286926154047 1824
4.177932651472538 1885
4.23589648823906 1282
4.322085507640727 626
4.337420975724305 1791
4.400716246573705 1161
4.694436428587656 190
4.702278125158033 1303
4.73690001924329 1973
4.900807069501201 383
5.0 1546
5.10175559017862 697
5.224794140942246 758
5.4958959947196515 120
5.557905097763766 166
5.65443801005539 432
5.808583611950385 1607
5.892029258034054 718
6.0 1978
6.107154647493096 904
6.275754314595089 1719
6.345797698827072 1019
6.532018798279732 1030
6.685407254328113 344
6.890244499458981 660
6.926426280058029 218
7.0 555
7.017558338646268 1986
7.024397569367458 717
7.095351187513216 1370
7.135354442782077 1379
7.139505033324889 1523
7.177297676698058 507
7.352223052058942 1805
7.623150028092129 1684
7.627185965929495 490
8.0 830
8.054721456602037 132
8.225397807590301 365
8.378635351328334 1453
8.599906135461078 271
8.602377770151037 569
8.680224462515064 354
8.766306182776528 19
8.769153794662804 1634
8.887001037305353 1036
8.8892904480409 1530
9.0 1496
9.02122279730308 1317
9.069897630164869 222
9.180154032896947 501
9.218839071577028 1951
9.340062391078895 1367
9.525043975078901 252
9.548069150018613 932
9.557658101730581 417
9.607485014402368 1660
9.634612775194046 1453
9.65558291519768 122
9.76937084953734 1430
9.87493517773778 1965
9.964901784910218 381
10.0 910
10.34638799224012 990
10.400197112286309 803
10.577748667131049 805
10.627616537635426 1243
10.826969915328116 1723
10.880993405064027 239
10.887449253626668 501
11.0 858
11.024351982352398 955
11.170958577577949 1047
11.377544195917094 78
11.427477943580156 322
11.489803125055598 442
11.78538272186746 374
11.788385741238343 1027
11.82918562359494 704
11.932759201754795 1920
11.998638076173346 1377
12.0 1087
12.128883229389704 326
12.19795193842328 602
12.56121905437118 1376
12.83827282465867 1084
12.991536961125604 1332
13.0 1970
13.119786078664731 354
13.235580191066404 792
13.306838636261991 639
13.317520733129385 1428
13.517641638760997 1501
13.541281916028625 473
13.572838589957136 287
13.599651062336704 73
13.990861688463884 1233
14.0 725
14.017762795788036 1331
14.069781488501215 1947
14.367848674124073 825
14.635241280638505 102
14.936093719997595 164
15.0 1183
15.04758398545158 1762
15.064467275059174 1012
15.220220252856025 660
15.294698589633771 1233
15.312995531160245 213
15.344326092050798 1729
15.58724538346737 1308
15.728579651390085 487
15.829842001442774 623
16.0 123
16.00777547435887 1111
16.076084683809345 626
16.089076029520026 1719
16.218212404088167 586
16.228309407482733 13
16.229031765979556 1772
16.262781172968328 1749
16.398615167197832 1541
16.4395260720138 1623
16.54905736736481 569
16.59196272753579 1490
16.711875092865775 153
16.830352602809988 1919
16.956207133708155 1377
17.0 985
17.119218359070015 738
17.12568423667032 1106
17.172079704277 913
17.43689355205354 430
17.518933456703305 1356
17.569904758934573 1751
17.58493761538537 955
17.678524931480233 1047
17.694957225815074 1725
17.829771934730076 957
17.944225426556443 1576
17.990177910591793 1198
18.0 1618
18.14859340150276 1125
18.215793868663877 1601
18.450780725351894 644
18.54356805607062 1585
18.6402571082102 1258
18.64706141768611 1268
18.87848448207783 346
18.90020586177216 809
18.91604713850448 1055
18.95654056782808 1265
19.0 1280
19.00528534145628 879
19.214547281022853 153
19.247736763712197 696
19.3089997167298 456
19.464543453332126 854
19.56008449593183 447
19.595878672893047 1254
19.59827297722572 353
19.676318212157444 1636
19.803924774115867 1995
19.91513345813494 336
19.98298735991496 1211
20.0 257
20.007376250967795 691
20.255397649824857 279
20.257257179938858 1064
20.288801062161205 525
20.713771374545498 213
20.734877420881748 87
20.81597849091878 152
20.916810311629202 1973
21.0 950
21.005822725973193 277
21.00749312538482 160
21.00903582899012 1609
21.091875224622253 1665
21.126474346025798 297
21.13884507553168 305
21.29014274804292 516
21.455401155693593 1520
21.478350310740947 1974
21.556693597298786 1607
21.641786617941406 632
21.66238024217001 1798
21.675185129169932 1248
21.696114333462052 1550
21.858981978733095 187
22.0 1210
22.085900132257635 43
22.232367888741432 1795
22.61435176341504 1888
22.615558054846023 356
22.67375984854224 501
22.705080753887003 1069
22.929841089348514 1805
22.939255573358768 1468
23.0 726
23.11054682813577 1748
23.15142972184292 869
23.167091281929654 315
23.32341864359149 1629
23.526525865300346 45
23.662099866053154 1225
23.71367549931223 1988
23.81773081719451 174
23.963023883102892 1
24.0 852
24.05026882827879 407
24.172955313285122 827
24.20575276556574 537
24.328694940519398 1242
24.448810596016575 1966
24.48853224006411 663
24.60681168136008 663
24.84943636917782 1551
24.9092969012494 635
24.912104765342804 1599
25.0 1859
25.201551427762407 874
25.259001845560704 1397
25.277210177316693 1022
25.440049662862585 139
25.639732149419647 1857
25.756514801766283 1458
26.0 672
26.09347546926884 1290
26.451918626198285 877
26.464119784274377 107
26.593586022325493 1911
26.66682214144686 1268
26.762926886889854 941
26.922223495537708 945
27.0 1028
27.21580559716138 929
27.330071629650206 1087
27.841401835769126 415
28.0 959
28.09277052483128 81
28.151442174238817 411
28.31163668997435 1923
28.344780010527014 1942
28.50792015081638 1263
28.51309036241024 1401
28.561448131018487 1673
28.784067742538927 1725
28.802395114015244 1957
28.96665432334984 662
29.0 1030
29.029806531017293 19
29.03325086511147 303
29.15307566376149 65
29.156889168191704 96
29.286805893077307 1317
29.468601653765013 1224
29.570204710706044 710
29.57109836139557 407
29.585814013154206 1786
29.609298977275788 860
29.61375389051042 1883
29.76975551345439 975
29.81424877438747 869
30.0 1691
30.0332248833142 1235
30.1491598126633 1177
30.443106013953887 115
30.50060123428104 15
30.542834345457575 1834
30.67472974494815 262
30.70733209281879 506
30.765228763833292 411
30.790445219012398 1544
30.87116680892229 57
31.0 66
31.213201300638023 1646
31.31682184338256 1849
31.55092155395507 602
31.56107809386087 742
31.84416135870569 1538
31.94741129403098 1509
32.0 130
32.02519609747045 1819
32.14852609671849 960
32.268024306094105 72
32.27199065654583 503
32.30719646457453 1141
32.517955639072945 1565
32.56608127905681 504
32.57359360272083 1527
32.6724608615801 1614
32.79742669709572 1267
32.86415510890477 1558
33.0 1819
33.22929984256049 696
33.24440783415367 1001
33.27080041488686 753
33.305846468535435 1764
33.35669986289494 71
33.45626749032179 1776
33.57827336472288 812
33.620456582440724 365
33.73998690226788 1005
33.77422194478743 1455
34.0 937
34.3427735415007 455
34.34876011971132 1672
34.621678936833554 1427
34.647592238639255 181
34.70208978194594 1134
35.0 277
35.19430377122183 1878
35.2062906920963 923
35.429180617989005 1850
35.43310197613724 253
35.43481346537341 1275
35.56696555797757 73
35.57433435253742 1194
35.651989503731635 1093
35.86780197519794 1121
35.91225657174694 1744
35.93975737711182 299
35.96116222865944 344
36.0 235
36.05545789168508 1904
36.140202488051465 1064
36.385926795249816 1356
36.63601413257025 85
36.67739612279063 1851
36.776392527673764 645
37.0 1310
37.193108354453464 927
37.23337541573974 589
37.584020570978325 136
37.60912979121564 623
37.65347699720941 846
37.96668644212749 960
38.0 461
38.268349509456215 479
38.57916136184744 301
38.63114108741575 691
38.84943189875881 842
38.850065991684104 1493
38.86208702673426 1834
38.98842495148034 1111
39.0 1804
39.071265432185655 794
39.128849798556374 187
39.36614492835244 12
39.5884594862908 1726
39.644566294055195 1653
39.97683131050991 1284
40.0 992
40.33089056425159 1244
40.34935986724907 1425
40.35763891927008 1211
40.42969974489498 582
40.69813165625894 769
40.73067990806677 1536
40.732270646864784 908
40.88868295719238 1762
40.9711312814536 287
41.0 1762
41.190609701891816 222
41.19561066033207 813
41.30570561754743 158
41.35299590916429 1770
41.409532380449384 1371
41.50503779364708 1216
41.63351604999984 561
41.63993387323406 1961
41.79706716216353 1061
42.0 915
42.08311854227434 1718
42.18599925107371 1292
42.39350031669862 790
42.57048910885818 662
42.59817500953168 1960
42.68194668231375 112
42.69572679614114 7
42.885578907652736 14
43.0 153
43.0089013236053 1761
43.02402701243498 1670
43.18944680775245 1192
43.20059822674359 178
43.22544262906325 423
43.26670571092646 776
43.318754371294645 1508
43.35161803013831 1004
43.363190803432076 712
43.38933351652243 1493
43.56557345071458 1464
43.64331328936454 639
43.76221572658555 27
43.955524137512384 1315
44.0 1513
44.04927474921223 972
44.18918246112351 682
44.19380336940122 82
44.275081884677334 1634
44.374580463450215 569
44.56468450530982 1132
44.617380457927574 1357
44.838038342347645 1055
44.8810307793762 1996
44.91261841171496 1488
44.95428662690212 692
45.0 288
45.188724356547134 1362
45.23227601107595 1149
45.42946921358219 182
45.48272569285059 1564
45.556367881712326 1927
45.634888135237716 436
45.662976848140424 1033
45.94335068185863 694
46.0 1957
46.02805262452675 860
46.18169398119644 1224
46.33898790335963 1626
46.35333769656395 337
46.36529980384529 1174
46.62195684774723 378
46.85194906858749 894
46.97625127494415 1926
47.0 1691
47.204062248270915 104
47.34349062613338 1949
47.373704040492 1690
47.46433205109011 1488
47.50757441755421 918
47.51086085931677 444
47.76696731618928 1390
47.8558781008536 392
47.9584583880351 1661
48.0 810
48.01005861010947 303
48.01363842898173 249
48.028064549654026 922
48.075767649098324 832
48.09531875504511 152
48.41622056435365 1491
48.59133972878875 66
48.6536229720739 1982
49.0 415
49.09544777519183 1926
49.14466703331666 1697
49.406385755852654 217
49.43510340030047 805
49.47416348749556 1249
49.50827221949604 319
49.51668871132274 1189
49.58201915981125 1855
49.6862379819784 1710
49.93264754933936 1611
